0 80.0 82.0
1 81.0 83.0
2 82.0 84.0
3 83.0 85.0
4 84.0 86.0
5 85.0 87.0
6 86.0 88.0
7 87.0 89.0
8 88.0 90.0
9 89.0 91.0
10 90.0 92.0
11 91.0 93.0
12 92.0 94.0
13 93.0 95.0
14 94.0 96.0
15 95.0 97.0
16 96.0 98.0
17 97.0 99.0
18 98.0 100.0
19 99.0 101.0
20 100.0 102.0
21 101.0 103.0
22 102.0 104.0
23 103.0 105.0
24 104.0 106.0
25 105.0 107.0
26 106.0 108.0
27 107.0 109.0
28 108.0 110.0
29 109.0 111.0
30 110.0 112.0
31 111.0 113.0
32 112.0 114.0
33 113.0 115.0
34 114.0 116.0
35 115.0 117.0
36 116.0 118.0
37 117.0 119.0
38 118.0 120.0
39 119.0 121.0
40 120.0 122.0
41 121.0 123.0
42 122.0 124.0
43 123.0 125.0
44 124.0 126.0
45 125.0 127.0
46 126.0 128.0
47 127.0 129.0
48 128.0 130.0
49 129.0 131.0
50 130.0 132.0
51 131.0 133.0
52 132.0 134.0
53 133.0 135.0
54 134.0 136.0
55 135.0 137.0
56 136.0 138.0
57 137.0 139.0
58 138.0 140.0
59 139.0 141.0
60 140.0 142.0
61 141.0 143.0
62 142.0 144.0
63 143.0 145.0
64 144.0 146.0
65 145.0 147.0
66 146.0 148.0
67 147.0 149.0
68 148.0 150.0
69 149.0 151.0
70 150.0 152.0
71 151.0 153.0
72 152.0 154.0
73 153.0 155.0
74 154.0 156.0
75 155.0 157.0
76 156.0 158.0
77 157.0 159.0
78 158.0 160.0
79 159.0 161.0
80 160.0 162.0
81 161.0 163.0
82 162.0 164.0
83 163.0 165.0
84 164.0 166.0
85 165.0 167.0
86 166.0 168.0
87 167.0 169.0
88 168.0 170.0
89 169.0 171.0
90 170.0 172.0
91 171.0 173.0
92 172.0 174.0
93 173.0 175.0
94 174.0 176.0
95 175.0 177.0
96 176.0 178.0
97 177.0 179.0
98 178.0 180.0
99 179.0 181.0
100 180.0 182.0
101 181.0 183.0
102 182.0 184.0
103 183.0 185.0
104 184.0 186.0
105 185.0 187.0
106 186.0 188.0
107 187.0 189.0
108 188.0 190.0
109 189.0 191.0
110 190.0 192.0
111 191.0 193.0
112 192.0 194.0
113 193.0 195.0
114 194.0 196.0
115 195.0 197.0
116 196.0 198.0
117 197.0 199.0
118 198.0 200.0
119 199.0 201.0
120 200.0 202.0
121 201.0 203.0
122 202.0 204.0
123 203.0 205.0
124 204.0 206.0
125 205.0 207.0
126 206.0 208.0
127 207.0 209.0
128 208.0 210.0
129 209.0 211.0
130 210.0 212.0
131 211.0 213.0
132 212.0 214.0
133 213.0 215.0
134 214.0 216.0
135 215.0 217.0
136 216.0 218.0
137 217.0 219.0
138 218.0 220.0
139 219.0 221.0
140 220.0 222.0
141 221.0 223.0
142 222.0 224.0
143 223.0 225.0
144 224.0 226.0
145 225.0 227.0
146 226.0 228.0
147 227.0 229.0
148 228.0 230.0
149 229.0 231.0
150 230.0 232.0
151 231.0 233.0
152 232.0 234.0
153 233.0 235.0
154 234.0 236.0
155 235.0 237.0
156 236.0 238.0
157 237.0 239.0
158 238.0 240.0
159 239.0 241.0
160 240.0 242.0
161 241.0 243.0
162 242.0 244.0
163 243.0 245.0
164 244.0 246.0
165 245.0 247.0
166 246.0 248.0
167 247.0 249.0
168 248.0 250.0
169 249.0 251.0
170 250.0 252.0
171 251.0 253.0
172 252.0 254.0
173 253.0 255.0
174 254.0 256.0
175 255.0 257.0
176 256.0 258.0
177 257.0 259.0
178 258.0 260.0
179 259.0 261.0
180 260.0 262.0
181 261.0 263.0
182 262.0 264.0
183 263.0 265.0
184 264.0 266.0
185 265.0 267.0
186 266.0 268.0
187 267.0 269.0
188 268.0 270.0
189 269.0 271.0
190 270.0 272.0
191 271.0 273.0
192 272.0 274.0
193 273.0 275.0
194 274.0 276.0
195 275.0 277.0
196 276.0 278.0
197 277.0 279.0
198 278.0 280.0
199 279.0 281.0
200 280.0 282.0
201 281.0 283.0
202 282.0 284.0
203 283.0 285.0
204 284.0 286.0
205 285.0 287.0
206 286.0 288.0
207 287.0 289.0
208 288.0 290.0
209 289.0 291.0
210 290.0 292.0
211 291.0 293.0
212 292.0 294.0
213 293.0 295.0
214 294.0 296.0
215 295.0 297.0
216 296.0 298.0
217 297.0 299.0
218 298.0 300.0
