0 80.0 82.0
1 82.0 84.0
2 84.0 86.0
3 86.0 88.0
4 88.0 90.0
5 90.0 92.0
6 92.0 94.0
7 94.0 96.0
8 96.0 98.0
9 98.0 100.0
10 100.0 102.0
11 102.0 104.0
12 104.0 106.0
13 106.0 108.0
14 108.0 110.0
15 110.0 112.0
16 112.0 114.0
17 114.0 116.0
18 116.0 118.0
19 118.0 120.0
20 120.0 122.0
21 122.0 124.0
22 124.0 126.0
23 126.0 128.0
24 128.0 130.0
25 130.0 132.0
26 132.0 134.0
27 134.0 136.0
28 136.0 138.0
29 138.0 140.0
30 140.0 142.0
31 142.0 144.0
32 144.0 146.0
33 146.0 148.0
34 148.0 150.0
35 150.0 152.0
36 152.0 154.0
37 154.0 156.0
38 156.0 158.0
39 158.0 160.0
40 160.0 162.0
41 162.0 164.0
42 164.0 166.0
43 166.0 168.0
44 168.0 170.0
45 170.0 172.0
46 172.0 174.0
47 174.0 176.0
48 176.0 178.0
49 178.0 180.0
50 180.0 182.0
51 182.0 184.0
52 184.0 186.0
53 186.0 188.0
54 188.0 190.0
55 190.0 192.0
56 192.0 194.0
57 194.0 196.0
58 196.0 198.0
59 198.0 200.0
60 200.0 202.0
61 202.0 204.0
62 204.0 206.0
63 206.0 208.0
64 208.0 210.0
65 210.0 212.0
66 212.0 214.0
67 214.0 216.0
68 216.0 218.0
69 218.0 220.0
70 220.0 222.0
71 222.0 224.0
72 224.0 226.0
73 226.0 228.0
74 228.0 230.0
75 230.0 232.0
76 232.0 234.0
77 234.0 236.0
78 236.0 238.0
79 238.0 240.0
80 240.0 242.0
81 242.0 244.0
82 244.0 246.0
83 246.0 248.0
84 248.0 250.0
85 250.0 252.0
86 252.0 254.0
87 254.0 256.0
88 256.0 258.0
89 258.0 260.0
90 260.0 262.0
91 262.0 264.0
92 264.0 266.0
93 266.0 268.0
94 268.0 270.0
95 270.0 272.0
96 272.0 274.0
97 274.0 276.0
98 276.0 278.0
99 278.0 280.0
100 280.0 282.0
101 282.0 284.0
102 284.0 286.0
103 286.0 288.0
104 288.0 290.0
105 290.0 292.0
106 292.0 294.0
107 294.0 296.0
108 296.0 298.0
109 298.0 300.0
